6.14357114284571
0.02857128571286
0.02857128571286
0.02857128571286
3.00000000000000
3.00000000000000
3.00000000000000
3.00000000000000
3.14285728572857
3.14285728572857
3.14285728572857
3.14285728572857
3.16000000000000
3.16428542854285
3.16000000000000
3.16428542854285
3.16000000000000
3.16428542854285
3.16000000000000
3.16428542854285
3.16000000000000
3.16428542854285
3.17000000000000
3.16000000000000
3.16428542854285
3.17000000000000
3.16000000000000
3.16428542854285
3.14285728572857
3.14285728572857
3.14285728572857
3.14285728572857
3.14285728572857
3.14285728572857
3.14714271427143
3.14285728572857
3.14285728572857
3.14714271427143
3.14285728572857
3.14285728572857
3.14714271427143
3.14857185718572
3.14285728572857
3.14714271427143
