3.14000000000000 1
3.14357114284571 1
3.14714328573143 1
3.15071442857714 1
3.15428557142286 1
3.15785671426857 2
3.16142885715429 1
3.16500000000000 1
3.14000000000000 1
3.14357114284571 1
3.14714328573143 1
3.15071442857714 1
3.15428557142286 1
3.15785671426857 2
3.16142885715429 1
3.16500000000000 1
6.14000000000000 1
6.14714328573143 2
6.15071442857714 1
6.15428557142286 1
6.15785671426857 1
6.16142885715429 1
6.16500000000000 1
0.00000000000000 1
0.01428614286143 1
0.04285742857429 1
0.05714257142571 1
0.07142871428714 1
0.08571385713857 1
0.10000000000000 1
0.00000000000000 1
0.01428614286143 1
0.04285742857429 1
0.05714257142571 1
0.07142871428714 1
0.08571385713857 1
0.10000000000000 1
0.00000000000000 1
0.01428614286143 1
0.04285742857429 1
0.05714257142571 1
0.07142871428714 1
0.08571385713857 1
0.10000000000000 1
3.01428614286143 1
3.02857128571286 1
3.04285742857429 1
3.05714257142571 1
3.07142871428714 1
3.08571385713857 1
3.10000000000000 1
3.01428614286143 1
3.02857128571286 1
3.04285742857429 1
3.05714257142571 1
3.07142871428714 1
3.08571385713857 1
3.10000000000000 1
3.01428614286143 1
3.02857128571286 1
3.04285742857429 1
3.05714257142571 1
3.07142871428714 1
3.08571385713857 1
3.10000000000000 1
3.01428614286143 1
3.02857128571286 1
3.04285742857429 1
3.05714257142571 1
3.07142871428714 1
3.08571385713857 1
3.10000000000000 1
3.14000000000000 1
3.14142814281428 1
3.14428542854285 1
3.14571457145715 1
3.14714271427143 1
3.14857185718572 1
3.15000000000000 1
3.14000000000000 1
3.14142814281428 1
3.14428542854285 1
3.14571457145715 1
3.14714271427143 1
3.14857185718572 1
3.15000000000000 1
3.14000000000000 1
3.14142814281428 1
3.14428542854285 1
3.14571457145715 1
3.14714271427143 1
3.14857185718572 1
3.15000000000000 1
3.14000000000000 1
3.14142814281428 1
3.14428542854285 1
3.14571457145715 1
3.14714271427143 1
3.14857185718572 1
3.15000000000000 1
3.16142814281428 1
3.16285728572857 1
3.16571457145715 1
3.16714271427143 1
3.16857185718572 1
3.17000000000000 1
3.16142814281428 1
3.16285728572857 1
3.16571457145715 1
3.16714271427143 1
3.16857185718572 1
3.17000000000000 1
3.16142814281428 1
3.16285728572857 1
3.16571457145715 1
3.16714271427143 1
3.16857185718572 1
3.17000000000000 1
3.16142814281428 1
3.16285728572857 1
3.16571457145715 1
3.16714271427143 1
3.16857185718572 1
3.17000000000000 1
3.16142814281428 1
3.16285728572857 1
3.16571457145715 1
3.16714271427143 1
3.16857185718572 1
3.16000000000000 2
3.16142814281428 3
3.16285728572857 3
3.16428542854285 3
3.16571457145715 5
3.16714271427143 3
3.16857185718572 2
3.17000000000000 2
3.16000000000000 11
3.16142814281428 10
3.16285728572857 18
3.16428542854285 15
3.16571457145715 19
3.16714271427143 14
3.16857185718572 15
3.17000000000000 7
3.16000000000000 3
3.16142814281428 5
3.16285728572857 4
3.16428542854285 6
3.16571457145715 5
3.16714271427143 4
3.16857185718572 5
3.17000000000000 6
3.16000000000000 5
3.16142814281428 10
3.16285728572857 11
3.16428542854285 10
3.16571457145715 9
3.16714271427143 11
3.16857185718572 12
3.17000000000000 7
3.16000000000000 1
3.16142814281428 2
3.16285728572857 1
3.16428542854285 1
3.16571457145715 2
3.16714271427143 2
3.16857185718572 1
3.17000000000000 2
3.16000000000000 1
3.16142814281428 1
3.16285728572857 2
3.16428542854285 2
3.16571457145715 3
3.16714271427143 3
3.16857185718572 3
3.17000000000000 3
3.16000000000000 2
3.16142814281428 4
3.16285728572857 3
3.16428542854285 4
3.16571457145715 5
3.16714271427143 4
3.16857185718572 3
3.17000000000000 4
3.16000000000000 1
3.16142814281428 1
3.16285728572857 1
3.16428542854285 1
3.16571457145715 1
3.16714271427143 1
3.16857185718572 1
3.17000000000000 1
3.16000000000000 1
3.16142814281428 1
3.16285728572857 1
3.16428542854285 1
3.16571457145715 1
3.16714271427143 1
3.16857185718572 1
3.17000000000000 1
3.16000000000000 1
3.16142814281428 1
3.16285728572857 1
3.16428542854285 1
3.16571457145715 1
3.16714271427143 1
3.16857185718572 1
3.17000000000000 1
3.16000000000000 1
3.16142814281428 1
3.16285728572857 1
3.16428542854285 1
3.16571457145715 1
3.16714271427143 1
3.16857185718572 1
3.17000000000000 1
3.16142814281428 1
3.16285728572857 1
3.16571457145715 1
3.16714271427143 1
3.16857185718572 1
3.16142814281428 1
3.16285728572857 1
3.16571457145715 1
3.16714271427143 1
3.16857185718572 1
3.17000000000000 1
3.14000000000000 1
3.14142814281428 1
3.14428542854285 1
3.14571457145715 1
3.14714271427143 1
3.14857185718572 1
3.15000000000000 1
3.14000000000000 1
3.14142814281428 1
3.14428542854285 1
3.14571457145715 1
3.14714271427143 1
3.14857185718572 1
3.15000000000000 1
3.14000000000000 1
3.14142814281428 1
3.14428542854285 1
3.14571457145715 1
3.14714271427143 1
3.14857185718572 1
3.15000000000000 1
3.14000000000000 1
3.14142814281428 1
3.14285728572857 1
3.14428542854285 1
3.14571457145715 1
3.14714271427143 1
3.14857185718572 1
3.15000000000000 1
3.14000000000000 1
3.14142814281428 1
3.14428542854285 1
3.14571457145715 1
3.14714271427143 1
3.14857185718572 1
3.15000000000000 1
3.14000000000000 1
3.14142814281428 1
3.14428542854285 1
3.14571457145715 1
3.14714271427143 1
3.14857185718572 1
3.15000000000000 1
3.14000000000000 1
3.14142814281428 1
3.14285728572857 1
3.14428542854285 1
3.14571457145715 1
3.14714271427143 1
3.14857185718572 1
3.15000000000000 1
3.14000000000000 1
3.14142814281428 1
3.14285728572857 1
3.14428542854285 1
3.14571457145715 1
3.14714271427143 1
3.14857185718572 1
3.15000000000000 1
3.14000000000000 1
3.14142814281428 1
3.14285728572857 1
3.14428542854285 1
3.14571457145715 1
3.14714271427143 1
3.14857185718572 1
3.15000000000000 1
3.14000000000000 1
3.14142814281428 1
3.14285728572857 1
3.14428542854285 1
3.14571457145715 1
3.14714271427143 1
3.14857185718572 1
3.15000000000000 1
3.14000000000000 1
3.14142814281428 1
3.14285728572857 1
3.14428542854285 1
3.14571457145715 1
3.14714271427143 1
3.14857185718572 1
3.15000000000000 1
3.14000000000000 1
3.14142814281428 1
3.14285728572857 1
3.14428542854285 1
3.14571457145715 1
3.14714271427143 1
3.14857185718572 1
3.15000000000000 1
3.14000000000000 1
3.14142814281428 1
3.14428542854285 1
3.14571457145715 1
3.14714271427143 1
3.14857185718572 1
3.15000000000000 1
3.14000000000000 1
3.14142814281428 1
3.14285728572857 1
3.14428542854285 1
3.14571457145715 1
3.14714271427143 1
3.14857185718572 1
3.15000000000000 1
3.14000000000000 1
3.14142814281428 1
3.14285728572857 1
3.14428542854285 1
3.14571457145715 1
3.14857185718572 1
3.15000000000000 1
3.14000000000000 1
3.14142814281428 1
3.14428542854285 1
3.14571457145715 1
3.14714271427143 1
3.14857185718572 1
3.15000000000000 1
3.14000000000000 1
3.14142814281428 1
3.14428542854285 1
3.14571457145715 1
3.14714271427143 1
3.14857185718572 1
3.15000000000000 1
3.14000000000000 1
3.14142814281428 1
3.14285728572857 1
3.14428542854285 1
3.14571457145715 1
3.14714271427143 1
3.14857185718572 1
3.15000000000000 1
3.14000000000000 1
3.14142814281428 1
3.14285728572857 1
3.14428542854285 1
3.14571457145715 1
3.14857185718572 3
3.15000000000000 1
3.14000000000000 1
3.14142814281428 1
3.14428542854285 1
3.14571457145715 1
3.14714271427143 1
3.14857185718572 1
3.15000000000000 1
3.14000000000000 1
3.14142814281428 1
3.14428542854285 1
3.14571457145715 1
3.15000000000000 1
3.14000000000000 3
3.14142814281428 3
3.14285728572857 2
3.14428542854285 1
3.14571457145715 1
3.14714271427143 2
3.14857185718572 2
3.15000000000000 2
3.14000000000000 1
3.14142814281428 1
3.14285728572857 1
3.14428542854285 1
3.14571457145715 1
3.14714271427143 1
3.14857185718572 1
3.15000000000000 1
3.14000000000000 1
3.14142814281428 2
3.14285728572857 2
3.14428542854285 1
3.14571457145715 1
3.14714271427143 2
3.14857185718572 2
3.15000000000000 2
3.14000000000000 1
3.14142814281428 1
3.14285728572857 2
3.14428542854285 1
3.14571457145715 1
3.14714271427143 2
3.14857185718572 1
3.15000000000000 1
3.14000000000000 1
3.14142814281428 1
3.14285728572857 1
3.14428542854285 1
3.14571457145715 1
3.14714271427143 1
3.14857185718572 1
3.15000000000000 1
3.14000000000000 1
3.14142814281428 1
3.14285728572857 1
3.14428542854285 1
3.14571457145715 1
3.14714271427143 1
3.14857185718572 1
3.15000000000000 1
3.14000000000000 1
3.14142814281428 1
3.14285728572857 1
3.14428542854285 1
3.14571457145715 1
3.14714271427143 1
3.14857185718572 1
3.15000000000000 1
3.14000000000000 1
3.14142814281428 1
3.14285728572857 2
3.14428542854285 1
3.14571457145715 1
3.14714271427143 2
3.14857185718572 1
3.15000000000000 1
3.14000000000000 1
3.14142814281428 1
3.14285728572857 1
3.14428542854285 1
3.14571457145715 1
3.14714271427143 1
3.14857185718572 1
3.15000000000000 1
3.14000000000000 1
3.14142814281428 1
3.14285728572857 2
3.14428542854285 1
3.14571457145715 1
3.14714271427143 2
3.14857185718572 1
3.15000000000000 1
3.14000000000000 1
3.14142814281428 1
3.14285728572857 1
3.14428542854285 1
3.14571457145715 1
3.14714271427143 1
3.14857185718572 1
3.15000000000000 1
3.14000000000000 1
3.14142814281428 1
3.14285728572857 1
3.14428542854285 1
3.14571457145715 1
3.14714271427143 1
3.14857185718572 1
3.15000000000000 1
3.14000000000000 1
3.14142814281428 1
3.14428542854285 1
3.14571457145715 1
3.14714271427143 1
3.14857185718572 1
3.15000000000000 1
3.14000000000000 1
3.14142814281428 1
3.14285728572857 1
3.14428542854285 1
3.14571457145715 1
3.14714271427143 1
3.14857185718572 1
3.15000000000000 1
3.14000000000000 1
3.14142814281428 1
3.14285728572857 1
3.14428542854285 1
3.14571457145715 1
3.14714271427143 1
3.14857185718572 1
3.15000000000000 1
3.14000000000000 2
3.14142814281428 2
3.14285728572857 1
3.14428542854285 2
3.14571457145715 3
3.14857185718572 1
3.15000000000000 1
3.14000000000000 1
3.14142814281428 1
3.14285728572857 1
3.14428542854285 1
3.14571457145715 1
3.14714271427143 1
3.14857185718572 1
3.15000000000000 1
3.14000000000000 1
3.14142814281428 1
3.14285728572857 1
3.14428542854285 1
3.14571457145715 1
3.14714271427143 1
3.14857185718572 1
3.15000000000000 1
