3.14000000000000 1
3.14277811112445 1
3.14555522220889 1
3.14833333333333 1
3.15111144445778 1
3.15388855554222 1
3.15666666666667 1
3.15944477779111 1
3.16222188887556 1
3.16500000000000 1
6.14000000000000 1
6.14277811112444 1
6.14833333333333 1
6.15111144445778 1
6.15388855554222 1
6.15666666666667 1
6.15944477779111 1
6.16222188887556 2
6.14000000000000 1
6.14357114284571 1
6.14714328573143 1
6.15071442857714 1
6.15428557142286 1
6.15785671426857 1
6.16142885715429 1
6.14000000000000 1
6.14357114284571 1
6.14714328573143 1
6.15071442857714 1
6.15428557142286 1
6.15785671426857 1
6.16142885715429 1
3.14000000000000 1
3.15071442857714 1
3.15428557142286 1
3.15785671426857 1
3.16142885715429 1
3.16500000000000 1
